#RA(h) 	RA(m)	DEC(d)	DEC(am)	rms(mus) T(yrs)	N_TOAs
00	30	04	51	4.1	15.1	907
00	34	-05	34	4.0	13.5	276
02	18	42	32	7.4	17.6	1196
06	10	-21	00	4.9	6.9	1034
06	13	-02	00	1.8	16.1	1369
06	21	10	02	15.6	11.8	673
07	51	18	07	3.0	17.6	1491
09	00	-31	44	3.1	6.9	875
10	12	53	07	1.6	16.8	1459	
10	22	10	01	2.5	17.5	908
10	24	-07	19	8.3	17.3	561
14	55	-33	30	2.7	9.2	524
16	00	-30	53	0.46	7.7	531
16	40	22	24	1.8	17.3	595
16	43	-12	24	1.7	17.3	759
17	13	07	47	0.68	17.7	1188
17	21	-24	57	11.7	12.8	150
17	30	-23	04	1.6	16.7	285	
17	38	03	33	3.0	7.3	318
17	44	-11	34	0.86	17.3	536	
17	51	-28	57	3.0	8.3	144
18	01	-14	17	2.6	7.1	126	
18	02	-21	24	2.7	7.2	522
18	04	-27	17	3.1	8.4	116	
18	43	-11	13	0.71	10.1	224
18	53	13	03	1.6	8.4	101	
18	57	09	43	1.7	17.3	444
19	09	-37	44	0.13	9.4	425
19	10	12	56	1.9	8.5	112
19	11	13	47	1.4	7.5	140
19	11	-11	14	4.8	8.8	130
19	18	-06	42	3.0	12.8	278
19	39	21	34	34.5	24.1	3174
19	55	29	08	6.5	8.1	157
20	10	-13	23	1.9	7.4	390
20	19	24	25	9.6	9.1	130
20	33	17	34	12.7	7.9	194
21	24	-33	58	3.2	9.4	544
21	45	-07	50	1.8	17.5	800
22	29	26	43	4.2	8.2	316	
23	17	14	39	2.4	17.3	555
23	22	20	57	5.9	7.9	229
